98,35
0,796
13,50
13,27
13,44
13,23
13,1
10,6
13,60
10,5
13,2
10,1
13,5
0,794
0,792
16,8
0,673
0,672
16,1
0,671
16,6
0,670
16,2
0,669
16,5
0,668
0,667
8,7
0,666
8,6
0,665
8,2
0,664
8,1
0,663
8,5
0,662
0,661
0,660
0,659
0,658
0,657
5,6
0,656
5,2
0,655
5,1
0,654
5,5
0,653
0,652
0,651
6,6
0,650
6,2
0,649
6,1
0,648
6,5
0,647
0,646
0,645
0,644
0,643
0,642
0,641
0,640
0,639
0,638
0,637
0,636
0,635
0,634
0,633
0,632
0,631
0,630
0,629
0,628
0,627
0,626
0,625
0,624
0,623
0,622
0,621
0,620
0,619
0,618
0,617
0,616
0,615
0,614
2,2
0,613
2,1
0,612
2,5
0,611
0,610
0,609
0,608
0,607
0,606
0,605
0,604
0,603
0,602
0,601
0,600
0,599
0,598
0,508
0,364
0,340
0,308
0,305
0,10
0,311
0,310
0,0
0,307
0,306
0,13
0,339
0,11
0,9
98,34
98,33
98,32
98,31
98,30
98,29
98,28
98,27
98,26
98,25
98,24
98,23
98,22
98,21
98,20
98,19
98,18
98,17
98,16
98,15
98,14
98,13
98,12
98,11
98,10
98,9
98,8
98,7
98,6
98,5
98,4
98,3
98,2
98,0
0,484
0,469
0,303
0,483
0,468
0,302
0,467
0,301
0,466
0,300
0,482
0,465
0,299
0,481
0,464
0,298
0,480
0,463
0,297
0,462
0,296
0,461
0,295
0,479
0,460
0,294
0,478
0,459
0,293
0,477
0,458
0,292
0,457
0,291
0,456
0,290
0,453
0,455
0,289
0,493
0,288
